%YAML:1.0
ft object:
   detector:
      fname: "../data/haarcascades/haarcascade_frontalface_alt.xml"
      fname_nested: "../data/haarcascades/haarcascade_mcs_nose.xml"
      x offset: -8.8843610137701035e-003
      y offset: 1.3562655448913574e-001
      z offset: 1.2898722887039185e+000
      reference: !!opencv-matrix
         rows: 44
         cols: 1
         dt: f
         data: [ -2.44941518e-001, -1.93095997e-001, -1.67883545e-001,
             -1.75353244e-001, -1.05514005e-001, -1.94046274e-001,
             -1.66322604e-001, -2.16868415e-001, 1.09137259e-001,
             -1.89658061e-001, 1.72706455e-001, -1.69199944e-001,
             2.39914373e-001, -1.87612206e-001, 1.72424689e-001,
             -2.11170673e-001, -7.80056193e-002, -6.07020333e-002,
             -1.10444769e-001, 3.69266979e-002, 9.29940492e-003,
             4.26868275e-002, 1.10178627e-001, 3.62015329e-002,
             8.42384771e-002, -6.16790168e-002, 1.34160900e-002,
             -3.91501822e-002, -1.43545151e-001, 1.90763697e-001,
             -8.06583688e-002, 2.63724893e-001, -5.58118662e-003,
             2.89964497e-001, 6.70894310e-002, 2.61592299e-001,
             1.18197203e-001, 1.81830347e-001, 5.80870807e-002,
             1.31270647e-001, 3.85571970e-003, 1.31913722e-001,
             -5.56479283e-002, 1.31660938e-001 ]
   smodel:
      V: !!opencv-matrix
         rows: 44
         cols: 11
         dt: f
         data: [ -2.44941518e-001, 1.93095997e-001, 2.13200718e-001,
             -1.97267669e-009, 1.63923040e-001, 1.13588065e-001,
             2.75544584e-001, 1.06100384e-002, 5.86324446e-002,
             4.33956794e-002, 7.94000030e-002, -1.93095997e-001,
             -2.44941518e-001, 2.04717709e-009, 2.13200718e-001,
             8.28552172e-002, 8.87968093e-002, -8.62210318e-002,
             8.91100690e-002, -2.44348168e-001, 9.39920694e-002,
             -9.16895643e-002, -1.67883545e-001, 1.75353244e-001,
             2.13200718e-001, -2.39798781e-009, 1.22387275e-001,
             1.11065105e-001, 1.83188498e-001, 4.03633900e-003,
             4.64869197e-003, 4.23643030e-002, -6.62415326e-002,
             -1.75353244e-001, -1.67883545e-001, 2.45343346e-009,
             2.13200718e-001, 1.22133112e-002, 6.27862439e-002,
             -5.68559244e-002, 1.43967703e-001, -1.38981372e-001,
             1.96159273e-001, -1.55269280e-001, -1.05514005e-001,
             1.94046274e-001, 2.13200718e-001, -3.54612228e-009,
             7.49189183e-002, 2.86004860e-002, 8.73157978e-002,
             -2.82310764e-003, -5.02324402e-002, 1.08754141e-002,
             1.34639531e-001, -1.94046274e-001, -1.05514005e-001,
             3.58951269e-009, 2.13200718e-001, 1.08944066e-002,
             6.15471639e-002, -4.51132320e-002, 1.06509432e-001,
             -6.22978657e-002, 1.44408479e-001, -1.27128303e-001,
             -1.66322604e-001, 2.16868415e-001, 2.13200718e-001,
             -3.42502715e-009, 1.16477415e-001, 9.18005258e-002,
             1.98261216e-001, 2.29341425e-002, 2.86660679e-002,
             8.70469734e-002, 2.95742024e-002, -2.16868415e-001,
             -1.66322604e-001, 3.48435325e-009, 2.13200718e-001,
             6.60300627e-002, 8.01795721e-002, -2.08909199e-001,
             1.03836522e-001, -4.38576013e-001, -3.36492002e-001,
             1.81801170e-001, 1.09137259e-001, 1.89658061e-001,
             2.13200718e-001, -5.82616577e-009, -7.85085857e-002,
             3.43779884e-002, -4.23546396e-002, 5.75998835e-002,
             -2.24246401e-002, 9.78891328e-002, 8.05660412e-002,
             -1.89658061e-001, 1.09137259e-001, 5.82106541e-009,
             2.13200718e-001, 2.20559351e-002, -3.29475403e-002,
             -1.15914091e-001, -7.18718438e-005, 2.24692360e-001,
             2.32010886e-001, -9.88688245e-002, 1.72706455e-001,
             1.69199944e-001, 2.13200718e-001, -6.03545214e-009,
             -7.46353790e-002, 2.05869615e-001, -9.08211023e-002,
             1.72941759e-002, -1.05260484e-001, -1.12310976e-001,
             1.04719773e-002, -1.69199944e-001, 1.72706455e-001,
             6.01403771e-009, 2.13200718e-001, 2.52905469e-002,
             -5.35562895e-002, -1.59297302e-001, -8.70743673e-003,
             2.18925878e-001, 1.62442699e-001, -9.62159410e-002,
             2.39914373e-001, 1.87612206e-001, 2.13200718e-001,
             -7.23055704e-009, -1.11340418e-001, 2.67079324e-001,
             -1.81474373e-001, 2.13091839e-002, -4.48597744e-002,
             4.72406372e-002, 1.29478285e-002, -1.87612206e-001,
             2.39914373e-001, 7.19597670e-009, 2.13200718e-001,
             1.04337484e-001, -7.24583343e-002, -3.16877246e-001,
             -1.27345145e-001, 2.64918625e-001, 3.36922854e-002,
             2.82684602e-002, 1.72424689e-001, 2.11170673e-001,
             2.13200718e-001, -7.05308123e-009, -6.13697208e-002,
             1.87002391e-001, -1.34887069e-001, -4.37281048e-003,
             -6.16971776e-002, -1.30845621e-001, 6.90915436e-002,
             -2.11170673e-001, 1.72424689e-001, 7.03600733e-009,
             2.13200718e-001, 7.67522752e-002, -5.83020858e-002,
             -3.42299759e-001, -6.79444820e-002, -6.76369593e-002,
             -3.15673769e-001, 3.73565406e-001, -7.80056193e-002,
             6.07020333e-002, 2.13200718e-001, -6.08955830e-010,
             1.83118451e-002, -9.71614271e-002, 1.22123323e-001,
             1.21597432e-001, -1.33888900e-001, -9.74364728e-002,
             -8.65974054e-002, -6.07020333e-002, -7.80056193e-002,
             6.32601194e-010, 2.13200718e-001, -1.52119577e-001,
             5.56856357e-002, 8.95380080e-002, 6.70971796e-002,
             7.46962652e-002, -7.22789764e-002, -8.11039880e-002,
             -1.10444769e-001, -3.69266979e-002, 2.13200718e-001,
             2.12615392e-009, 3.40529606e-002, -5.39800525e-002,
             1.58274934e-001, 1.62393618e-002, -1.47145733e-001,
             -1.62445724e-001, -2.24626586e-001, 3.69266979e-002,
             -1.10444769e-001, -2.10519691e-009, 2.13200718e-001,
             -1.51895478e-001, -1.59066767e-002, 1.16796702e-001,
             1.79244822e-003, 7.01114116e-003, 7.08797947e-002,
             -6.92236274e-002, 9.29940492e-003, -4.26868275e-002,
             2.13200718e-001, 9.34775590e-010, -5.35333194e-002,
             -3.01481366e-001, 4.48334515e-002, 1.02354407e-001,
             -1.52377844e-001, 2.04893664e-001, 7.79029578e-002,
             4.26868275e-002, 9.29940492e-003, -9.41206779e-010,
             2.13200718e-001, -2.18402728e-001, 1.16005139e-002,
             1.24388278e-001, 8.03577527e-002, 9.91456360e-002,
             1.11497175e-002, -3.93011793e-002, 1.10178627e-001,
             -3.62015329e-002, 2.13200718e-001, -3.44656720e-010,
             -6.59371316e-002, -4.47883569e-002, -1.27088264e-001,
             1.32802472e-001, -1.55431911e-001, 1.32424369e-001,
             -1.39175922e-001, 3.62015329e-002, 1.10178627e-001,
             3.16307314e-010, 2.13200718e-001, -1.34947702e-001,
             -9.99393780e-003, 2.43830755e-002, -5.37164733e-002,
             5.96294850e-002, 2.95551755e-002, -1.32738724e-001,
             8.42384771e-002, 6.16790168e-002, 2.13200718e-001,
             -2.43675502e-009, -4.54770401e-002, -1.11935861e-001,
             -8.53224546e-002, 4.60371822e-002, -1.52753785e-001,
             2.65680924e-002, -1.40061304e-001, -6.16790168e-002,
             8.42384771e-002, 2.42418619e-009, 2.13200718e-001,
             -1.61874473e-001, 8.29605793e-004, 7.03112930e-002,
             2.87786815e-002, 1.11957721e-001, 5.30601218e-002,
             -3.72007787e-002, 1.34160900e-002, 3.91501822e-002,
             2.13200718e-001, -1.10134146e-009, -7.45279789e-002,
             -5.27509570e-001, -5.96813450e-004, 1.23130642e-001,
             -2.09989026e-001, 2.67593294e-001, 2.07628787e-001,
             -3.91501822e-002, 1.34160900e-002, 1.10232823e-009,
             2.13200718e-001, -2.76729167e-001, 3.18698511e-002,
             3.14100713e-001, 2.45858580e-001, 9.67869237e-002,
             -2.59474665e-001, 1.24193773e-001, -1.43545151e-001,
             -1.90763697e-001, 2.13200718e-001, 6.23564667e-009,
             1.65396184e-001, 2.32818514e-001, 1.97173581e-001,
             -1.75248191e-001, 1.15524204e-002, -1.23921573e-001,
             -1.93815053e-001, 1.90763697e-001, -1.43545151e-001,
             -6.22295726e-009, 2.13200718e-001, 1.54764161e-001,
             -1.74025651e-002, 4.29297909e-002, -2.13078186e-001,
             -8.55558068e-002, 1.57780856e-001, 3.91087085e-002,
             -8.06583688e-002, -2.63724893e-001, 2.13200718e-001,
             7.31086613e-009, 2.41938569e-002, 9.49225649e-002,
             9.73235592e-002, -3.67505521e-001, 6.66434914e-002,
             9.50338989e-002, 2.66829938e-001, 2.63724893e-001,
             -8.06583688e-002, -7.31968797e-009, 2.13200718e-001,
             3.61411303e-001, -6.15682565e-002, 5.65613247e-002,
             1.67458504e-001, 8.43296275e-002, -2.75181308e-002,
             1.40930369e-001, -5.58118662e-003, -2.89964497e-001,
             2.13200718e-001, 7.11423009e-009, 1.86263826e-002,
             2.57322025e-002, -6.56905212e-003, -1.33358002e-001,
             1.30860627e-001, 1.48368165e-001, 3.26942086e-001,
             2.89964497e-001, -5.58118662e-003, -7.14252968e-009,
             2.13200718e-001, 3.92819494e-001, -6.10803664e-002,
             1.56055093e-001, 2.67028064e-001, 9.19133723e-002,
             -1.43456802e-001, 7.72128161e-003, 6.70894310e-002,
             -2.61592299e-001, 2.13200718e-001, 5.61615021e-009,
             1.11417333e-002, 1.81463584e-001, -1.15342386e-001,
             9.54480246e-002, 2.79761940e-001, 1.09584585e-001,
             2.06282973e-001, 2.61592299e-001, 6.70894310e-002,
             -5.65782354e-009, 2.13200718e-001, 3.53074282e-001,
             -3.96567173e-002, 4.02977243e-002, 7.10592195e-002,
             6.78569749e-002, -2.97002662e-002, -4.53807451e-002,
             1.18197203e-001, -1.81830347e-001, 2.13200718e-001,
             3.10799297e-009, -6.47031069e-002, 2.94900686e-001,
             -2.97422856e-001, 1.68930754e-001, 5.55986948e-002,
             6.30690753e-002, -2.11229607e-001, 1.81830347e-001,
             1.18197203e-001, -3.15297743e-009, 2.13200718e-001,
             1.26375571e-001, -3.90007608e-002, 1.18363062e-002,
             -5.83149791e-001, -2.74345249e-001, 5.78261539e-002,
             -2.29101270e-001, 5.80870807e-002, -1.31270647e-001,
             2.13200718e-001, 2.54672194e-009, -1.14966733e-002,
             -2.07701266e-001, -2.10726038e-001, -1.05885714e-002,
             2.03916058e-001, -1.93362042e-001, -2.02222914e-001,
             1.31270647e-001, 5.80870807e-002, -2.57309973e-009,
             2.13200718e-001, -2.13391006e-001, -2.10946426e-002,
             8.01940262e-002, -1.57041594e-001, -6.89628124e-002,
             -8.63419548e-002, 3.68847605e-003, 3.85571970e-003,
             -1.31913722e-001, 2.13200718e-001, 3.16537574e-009,
             -4.05246019e-002, -2.69205183e-001, -9.51568931e-002,
             -5.73407039e-002, 2.19673589e-001, -1.91418111e-001,
             -1.53779238e-001, 1.31913722e-001, 3.85571970e-003,
             -3.17968096e-009, 2.13200718e-001, -2.67293006e-001,
             3.20565216e-002, 1.15201525e-001, -7.90504366e-002,
             4.08512214e-003, -4.89489250e-002, 3.47657949e-002,
             -5.56479283e-002, -1.31660938e-001, 2.13200718e-001,
             3.82086540e-009, -6.73757568e-002, -2.55458117e-001,
             2.37227306e-002, -1.89087138e-001, 1.76108137e-001,
             -3.64606827e-001, -8.45280662e-002, 1.31660938e-001,
             -5.56479283e-002, -3.82182730e-009, 2.13200718e-001,
             -2.12220624e-001, 5.76163605e-002, 8.88935328e-002,
             -8.27486813e-002, -2.52449140e-002, 7.69278854e-002,
             2.69178480e-001 ]
      e: !!opencv-matrix
         rows: 11
         cols: 1
         dt: f
         data: [ -1., -1., -1., -1., 1.22582922e-002, 4.72645648e-003,
             1.41037861e-003, 8.60897184e-004, 5.67495008e-004,
             4.41600539e-004, 3.16907011e-004 ]
      C: !!opencv-matrix
         rows: 21
         cols: 2
         dt: f
         data: [ 0., 1.40129846e-045, 1.40129846e-045, 2.80259693e-045,
             2.80259693e-045, 4.20389539e-045, 4.20389539e-045,
             4.20389539e-045, 4.20389539e-045, 0., 5.60519386e-045,
             7.00649232e-045, 7.00649232e-045, 8.40779079e-045,
             8.40779079e-045, 9.80908925e-045, 9.80908925e-045,
             5.60519386e-045, 1.12103877e-044, 1.26116862e-044,
             1.26116862e-044, 1.40129846e-044, 1.40129846e-044,
             1.54142831e-044, 1.54142831e-044, 1.68155816e-044,
             2.80259693e-044, 2.94272678e-044, 2.94272678e-044,
             1.96181785e-044, 1.96181785e-044, 2.10194770e-044,
             2.10194770e-044, 2.24207754e-044, 2.24207754e-044,
             2.38220739e-044, 2.38220739e-044, 2.52233724e-044,
             2.52233724e-044, 2.66246708e-044, 2.66246708e-044,
             2.80259693e-044 ]
   pmodel:
      reference: !!opencv-matrix
         rows: 44
         cols: 1
         dt: f
         data: [ -5.05184174e+001, -3.98254433e+001, -3.46254539e+001,
             -3.61660538e+001, -2.17619324e+001, -4.00214348e+001,
             -3.43035126e+001, -4.47284279e+001, 2.25092163e+001,
             -3.91163788e+001, 3.56201630e+001, -3.48969574e+001,
             4.94815865e+001, -3.86944275e+001, 3.55620499e+001,
             -4.35532875e+001, -1.60884132e+001, -1.25196037e+001,
             -2.27788868e+001, 7.61601543e+000, 1.91797304e+000,
             8.80402374e+000, 2.27239952e+001, 7.46645260e+000,
             1.73739204e+001, -1.27211037e+001, 2.76702642e+000,
             -8.07460213e+000, -2.96057358e+001, 3.93444138e+001,
             -1.66355343e+001, 5.43924294e+001, -1.15110219e+000,
             5.98042679e+001, 1.38369846e+001, 5.39525909e+001,
             2.43778019e+001, 3.75019379e+001, 1.19802780e+001,
             2.70741577e+001, 7.95230091e-001, 2.72067909e+001,
             -1.14772100e+001, 2.71546555e+001 ]
      n_patches: 22
      patch 0:
         P: !!opencv-matrix
            rows: 11
            cols: 11
            dt: f
            data: [ -1.53270261e-002, -6.47587469e-003, -4.11146367e-003,
                -1.88898481e-003, 4.59465152e-003, 1.25886509e-002,
                1.68636739e-002, 1.65162962e-002, 1.35733616e-002,
                1.00061363e-002, 6.93021808e-003, -1.64331179e-002,
                -8.40442348e-003, -5.67820063e-003, -2.84874765e-003,
                2.89030094e-003, 8.96462984e-003, 1.11732483e-002,
                9.00990888e-003, 5.04796440e-003, 1.24940788e-003,
                -1.58293243e-003, -1.49549134e-002, -7.38121103e-003,
                -3.90417478e-003, -5.87791845e-004, 3.46853770e-003,
                6.12730999e-003, 5.32704173e-003, 1.26578915e-003,
                -3.66726611e-003, -7.84877688e-003, -1.05798151e-002,
                -1.07774800e-002, -4.24538366e-003, -1.17259205e-003,
                1.61969429e-003, 3.57936579e-003, 2.59956741e-003,
                -1.43172010e-003, -7.50521524e-003, -1.37919476e-002,
                -1.88199189e-002, -2.15017386e-002, -6.76539773e-003,
                -1.85527839e-003, 9.92862333e-005, 1.75554433e-003,
                1.83344679e-003, -1.85691938e-003, -8.50391388e-003,
                -1.64529439e-002, -2.42119040e-002, -3.02012842e-002,
                -3.27093527e-002, -4.18484025e-003, -8.03352450e-004,
                2.31451166e-004, 9.92840389e-004, 2.10543385e-005,
                -4.66761366e-003, -1.21915527e-002, -2.07557250e-002,
                -2.89843064e-002, -3.53677794e-002, -3.80587988e-002,
                -2.13626842e-003, 2.63160910e-004, 8.90530238e-004,
                1.47103134e-003, 7.98414578e-004, -2.68334080e-003,
                -8.51581618e-003, -1.55429514e-002, -2.27217916e-002,
                -2.88946722e-002, -3.25990953e-002, 6.17258193e-005,
                1.92978827e-003, 2.85991956e-003, 4.09949245e-003,
                4.97032842e-003, 4.27492894e-003, 1.76133891e-003,
                -2.40310072e-003, -7.65572488e-003, -1.32890344e-002,
                -1.83105711e-002, 2.62129842e-003, 3.71103524e-003,
                5.62781980e-003, 8.33285041e-003, 1.12752728e-002,
                1.33013157e-002, 1.35158347e-002, 1.15719913e-002,
                7.99850095e-003, 3.21763009e-003, -2.22968590e-003,
                5.98959206e-003, 5.19274641e-003, 7.92807713e-003,
                1.24844229e-002, 1.73258316e-002, 2.09574345e-002,
                2.22937427e-002, 2.11874023e-002, 1.85050908e-002,
                1.46991303e-002, 9.98419989e-003, 1.06704943e-002,
                6.82899775e-003, 9.26290080e-003, 1.52908443e-002,
                2.15662215e-002, 2.59631816e-002, 2.74779778e-002,
                2.64324639e-002, 2.40636691e-002, 2.10394412e-002,
                1.74488071e-002 ]
      patch 1:
         P: !!opencv-matrix
            rows: 11
            cols: 11
            dt: f
            data: [ 2.22205054e-002, 9.87691060e-003, 1.04602706e-003,
                -8.29507248e-004, 2.36917171e-003, 6.19761553e-003,
                5.90115832e-003, -4.37695271e-005, -7.80339492e-003,
                -1.20825898e-002, -1.00867618e-002, 1.98350046e-002,
                8.12774152e-003, -1.84719986e-003, -6.30001165e-003,
                -5.95787447e-003, -4.07075975e-003, -4.55222186e-003,
                -8.90380330e-003, -1.44690210e-002, -1.72239486e-002,
                -1.51014691e-002, 1.31166074e-002, 3.67101096e-003,
                -6.00765925e-003, -1.22305527e-002, -1.44807212e-002,
                -1.44376634e-002, -1.48048270e-002, -1.70138050e-002,
                -1.98803190e-002, -2.10231077e-002, -1.91477090e-002,
                3.85452993e-003, -2.27979338e-003, -9.45874676e-003,
                -1.49213690e-002, -1.75334886e-002, -1.78280473e-002,
                -1.75794959e-002, -1.81335956e-002, -1.92087591e-002,
                -1.95334107e-002, -1.83285754e-002, -2.28370959e-003,
                -5.17711183e-003, -8.75162240e-003, -1.15948627e-002,
                -1.27104707e-002, -1.22166621e-002, -1.13743423e-002,
                -1.11688199e-002, -1.14901345e-002, -1.16330348e-002,
                -1.11906612e-002, -8.12899845e-004, -1.66153163e-003,
                -2.60779285e-003, -3.19046970e-003, -2.87971669e-003,
                -1.88960240e-003, -1.13933301e-003, -1.10299827e-003,
                -1.51036389e-003, -1.99187640e-003, -2.42548203e-003,
                5.71040530e-003, 5.53510012e-003, 5.51028503e-003,
                5.68007398e-003, 6.22733450e-003, 6.83923298e-003,
                6.92027342e-003, 6.25267206e-003, 5.15876245e-003,
                3.95795004e-003, 2.75894161e-003, 1.03911227e-002,
                1.02831079e-002, 1.02728708e-002, 1.02603864e-002,
                1.03292400e-002, 1.02525698e-002, 9.70274117e-003,
                8.54289345e-003, 6.97143190e-003, 5.38044097e-003,
                4.01988765e-003, 1.05931628e-002, 1.03994152e-002,
                1.02598611e-002, 1.00513222e-002, 9.82820336e-003,
                9.43878386e-003, 8.73891916e-003, 7.69215636e-003,
                6.40942343e-003, 5.21301245e-003, 4.32416191e-003,
                9.39170085e-003, 8.95685609e-003, 8.71968921e-003,
                8.57967045e-003, 8.47462751e-003, 8.23265966e-003,
                7.81056797e-003, 7.23960437e-003, 6.56614359e-003,
                6.02536742e-003, 5.74384304e-003, 1.03707481e-002,
                9.72942915e-003, 9.45407432e-003, 9.43828281e-003,
                9.52739175e-003, 9.51961428e-003, 9.37925372e-003,
                9.12326761e-003, 8.74452665e-003, 8.43876135e-003,
                8.31996929e-003 ]
      patch 2:
         P: !!opencv-matrix
            rows: 11
            cols: 11
            dt: f
            data: [ 5.92737272e-003, 8.45285971e-003, 1.00586331e-002,
                1.05934413e-002, 9.85217188e-003, 8.38513114e-003,
                7.08411168e-003, 6.34932332e-003, 6.24473393e-003,
                7.13852141e-003, 9.48783103e-003, -5.52403275e-003,
                -1.84504688e-003, 1.14209042e-003, 3.93719180e-003,
                5.75120328e-003, 6.24178769e-003, 5.86877856e-003,
                5.28344605e-003, 5.04430523e-003, 5.86598320e-003,
                8.53066240e-003, -1.02872299e-002, -7.67095340e-003,
                -6.51596766e-003, -3.52424127e-003, 6.96705014e-004,
                3.94632248e-003, 5.26369596e-003, 5.21399407e-003,
                4.90752049e-003, 5.55634778e-003, 8.33875220e-003,
                -1.01574324e-002, -9.67075583e-003, -1.25685455e-002,
                -1.18708974e-002, -6.42730715e-003, 1.32427100e-004,
                4.36286489e-003, 5.58718806e-003, 5.20806108e-003,
                5.45313954e-003, 8.26525036e-003, -1.25193167e-002,
                -1.35966139e-002, -1.98422708e-002, -2.20782515e-002,
                -1.65228713e-002, -6.60090568e-003, 1.75644027e-003,
                5.50682610e-003, 5.50711947e-003, 5.19759767e-003,
                7.96393398e-003, -1.97310653e-002, -2.11907458e-002,
                -2.83034146e-002, -3.20593789e-002, -2.69441232e-002,
                -1.49085941e-002, -2.73129391e-003, 4.22885828e-003,
                5.48488367e-003, 5.13988128e-003, 8.15306231e-003,
                -2.42307074e-002, -2.54795663e-002, -3.10817137e-002,
                -3.43045481e-002, -3.00729740e-002, -1.88577231e-002,
                -6.03233790e-003, 2.65787216e-003, 5.44739328e-003,
                5.96506009e-003, 9.71517339e-003, -1.84907075e-002,
                -1.95449162e-002, -2.25547422e-002, -2.38353275e-002,
                -2.06100773e-002, -1.30407969e-002, -3.78726330e-003,
                3.41272890e-003, 6.53692894e-003, 8.10582656e-003,
                1.28850769e-002, -4.93821222e-003, -6.11045770e-003,
                -7.27252010e-003, -6.78579742e-003, -4.27894760e-003,
                -6.38341706e-004, 3.58822383e-003, 7.28971977e-003,
                9.27042682e-003, 1.13471439e-002, 1.71994679e-002,
                7.35215750e-003, 5.75709995e-003, 5.12892101e-003,
                6.31742878e-003, 8.52733944e-003, 1.01572247e-002,
                1.12917861e-002, 1.22565627e-002, 1.29557904e-002,
                1.52320396e-002, 2.20776685e-002, 1.29869804e-002,
                1.12408418e-002, 1.08424425e-002, 1.22204339e-002,
                1.44532723e-002, 1.59217138e-002, 1.65444817e-002,
                1.68209914e-002, 1.71814598e-002, 1.97485425e-002,
                2.74935458e-002 ]
      patch 3:
         P: !!opencv-matrix
            rows: 11
            cols: 11
            dt: f
            data: [ 1.43231666e-002, 1.29912179e-002, 1.15239322e-002,
                1.00877313e-002, 8.44027661e-003, 6.37324294e-003,
                3.90508561e-003, 1.02906791e-003, -2.03989004e-003,
                -4.93011158e-003, -7.61038903e-003, 1.60730947e-002,
                1.46144200e-002, 1.31421108e-002, 1.17441006e-002,
                1.00517301e-002, 7.87947793e-003, 5.21263340e-003,
                2.03398569e-003, -1.41731917e-003, -4.73467074e-003,
                -8.01010709e-003, 1.61860678e-002, 1.48107987e-002,
                1.36099430e-002, 1.24556124e-002, 1.09207090e-002,
                8.93583894e-003, 6.54987898e-003, 3.71399289e-003,
                6.15501660e-004, -2.44755577e-003, -5.74139459e-003,
                1.47615634e-002, 1.38426274e-002, 1.31403757e-002,
                1.23796957e-002, 1.11520831e-002, 9.36294254e-003,
                7.14573264e-003, 4.64441767e-003, 2.09787115e-003,
                -4.38730523e-004, -3.37287132e-003, 1.26894079e-002,
                1.21797388e-002, 1.18714850e-002, 1.14426510e-002,
                1.05112055e-002, 8.86106212e-003, 6.63716532e-003,
                4.29985253e-003, 2.29297718e-003, 4.87713929e-004,
                -1.66473887e-003, 9.19654779e-003, 8.28300603e-003,
                7.67071778e-003, 7.11756991e-003, 6.35198737e-003,
                5.06453821e-003, 3.21368012e-003, 1.37928920e-003,
                3.15573183e-004, -9.33602496e-005, -6.08352711e-004,
                4.40442236e-003, 1.86813960e-003, 1.87568071e-006,
                -1.15120865e-003, -1.75571011e-003, -2.42407201e-003,
                -3.75457038e-003, -4.99587227e-003, -4.85571474e-003,
                -3.43132368e-003, -1.62286416e-003, 1.18058559e-003,
                -3.74201522e-003, -7.36748241e-003, -9.30787344e-003,
                -9.78324469e-003, -1.01230545e-002, -1.16115408e-002,
                -1.30672930e-002, -1.24163413e-002, -9.51708760e-003,
                -5.18768001e-003, 1.97202293e-003, -5.35510760e-003,
                -1.06255626e-002, -1.30198970e-002, -1.30683584e-002,
                -1.30811287e-002, -1.50744328e-002, -1.76259167e-002,
                -1.78931225e-002, -1.48209203e-002, -8.65297019e-003,
                7.28108268e-003, -2.45545735e-003, -9.29748546e-003,
                -1.19125647e-002, -1.11493031e-002, -1.02829337e-002,
                -1.22670112e-002, -1.59636326e-002, -1.79764088e-002,
                -1.59146674e-002, -8.93888716e-003, 1.46919051e-002,
                2.33427831e-003, -6.41943375e-003, -9.55710374e-003,
                -8.14271811e-003, -6.20109634e-003, -7.57261831e-003,
                -1.17001059e-002, -1.49268191e-002, -1.37993786e-002,
                -6.43019192e-003 ]
      patch 4:
         P: !!opencv-matrix
            rows: 11
            cols: 11
            dt: f
            data: [ -7.60904234e-003, -5.45576157e-004, 6.13155682e-003,
                1.05445869e-002, 1.28301373e-002, 1.45418486e-002,
                1.50247728e-002, 1.32701388e-002, 9.88484267e-003,
                5.85013581e-003, 1.78622594e-003, -3.16490070e-003,
                4.30124439e-003, 1.02294395e-002, 1.33886877e-002,
                1.43295666e-002, 1.40679674e-002, 1.17700165e-002,
                6.90884795e-003, 1.14370743e-003, -3.93940415e-003,
                -8.97189695e-003, -1.31362304e-003, 7.00302469e-003,
                1.27442600e-002, 1.55962184e-002, 1.54842129e-002,
                1.24458717e-002, 6.54425053e-003, -7.03153259e-004,
                -6.40071090e-003, -9.71649494e-003, -1.41862873e-002,
                -1.23522838e-003, 8.01570900e-003, 1.42335920e-002,
                1.72860045e-002, 1.54325534e-002, 7.95554556e-003,
                -2.85325828e-003, -1.18877804e-002, -1.49621004e-002,
                -1.35013713e-002, -1.53799905e-002, -1.84654049e-003,
                8.06415267e-003, 1.45690786e-002, 1.69075858e-002,
                1.14746997e-002, -2.04838370e-003, -1.79805066e-002,
                -2.76892390e-002, -2.66877133e-002, -1.94107033e-002,
                -1.76605918e-002, -2.08264939e-003, 8.13477114e-003,
                1.40177021e-002, 1.41468616e-002, 4.16053506e-003,
                -1.44704124e-002, -3.29107456e-002, -4.13572006e-002,
                -3.70965488e-002, -2.70015839e-002, -2.35712156e-002,
                -1.98444910e-003, 8.33521038e-003, 1.30757047e-002,
                1.11850416e-002, -4.64247569e-004, -1.88167505e-002,
                -3.47157344e-002, -4.05341499e-002, -3.62602919e-002,
                -2.88512483e-002, -2.74671745e-002, -1.85523205e-003,
                8.31642840e-003, 1.22146327e-002, 1.03715593e-002,
                1.88082736e-003, -1.03052100e-002, -1.99141894e-002,
                -2.32806746e-002, -2.19943561e-002, -2.04700623e-002,
                -2.28614286e-002, -1.91798643e-003, 7.94702116e-003,
                1.16902916e-002, 1.17022162e-002, 8.59864708e-003,
                3.88738397e-003, 1.87874684e-004, -1.87684468e-003,
                -3.70124355e-003, -6.56881928e-003, -1.08881490e-002,
                -2.68554548e-003, 7.21171079e-003, 1.14930561e-002,
                1.36423577e-002, 1.47196269e-002, 1.47527782e-002,
                1.40360389e-002, 1.22244749e-002, 8.90845992e-003,
                4.76814341e-003, 1.09116908e-003, -4.10701521e-003,
                6.46523526e-003, 1.18985055e-002, 1.56999212e-002,
                1.88189372e-002, 2.05092020e-002, 2.04182193e-002,
                1.84921548e-002, 1.49486270e-002, 1.11515829e-002,
                8.84799939e-003 ]
      patch 5:
         P: !!opencv-matrix
            rows: 11
            cols: 11
            dt: f
            data: [ -3.53977375e-005, -5.73769910e-003, -4.21480229e-003,
                2.17804778e-003, 7.45524699e-003, 6.82324031e-003,
                9.50054498e-004, -4.95038182e-003, -5.62585425e-003,
                1.23849174e-003, 1.36556579e-002, -7.11077126e-003,
                -1.35652274e-002, -1.37935532e-002, -9.07694548e-003,
                -4.37558303e-003, -3.79302423e-003, -7.04318890e-003,
                -1.00797918e-002, -8.53106938e-003, -8.25497031e-004,
                1.03072654e-002, -1.05087627e-002, -1.73228849e-002,
                -1.98705699e-002, -1.79469306e-002, -1.50061790e-002,
                -1.42957335e-002, -1.58175994e-002, -1.65584665e-002,
                -1.32494299e-002, -5.51657146e-003, 3.31969210e-003,
                -7.88688660e-003, -1.35425525e-002, -1.72508713e-002,
                -1.79875400e-002, -1.76007971e-002, -1.84146091e-002,
                -2.02525798e-002, -2.05533411e-002, -1.70686617e-002,
                -1.05988597e-002, -4.43539442e-003, -7.20690179e-004,
                -4.23963321e-003, -7.68586760e-003, -9.94868483e-003,
                -1.16329053e-002, -1.42016858e-002, -1.72863435e-002,
                -1.85806397e-002, -1.63470358e-002, -1.15500502e-002,
                -6.83923904e-003, 5.83771290e-003, 4.42543207e-003,
                2.26951391e-003, 1.64811470e-004, -1.95817649e-003,
                -4.91896924e-003, -8.30621738e-003, -1.03520015e-002,
                -9.48827621e-003, -5.88287273e-003, -1.37947442e-003,
                8.79849680e-003, 8.77923332e-003, 8.04288592e-003,
                6.98705483e-003, 5.65405609e-003, 3.64089408e-003,
                1.28519535e-003, -3.09693074e-004, 1.57676805e-005,
                2.80424068e-003, 6.99747214e-003, 9.46585182e-003,
                9.75167099e-003, 9.63854976e-003, 9.33707692e-003,
                8.87834653e-003, 8.05390533e-003, 7.03081442e-003,
                6.40548067e-003, 6.81442115e-003, 8.86801817e-003,
                1.21371942e-002, 1.00784665e-002, 9.94525384e-003,
                9.67314932e-003, 9.46208555e-003, 9.34988540e-003,
                9.12541337e-003, 8.83908477e-003, 8.82380176e-003,
                9.38781817e-003, 1.07737575e-002, 1.27987247e-002,
                1.18819475e-002, 1.13784503e-002, 1.07825547e-002,
                1.02953007e-002, 1.00138308e-002, 9.74920951e-003,
                9.59306862e-003, 9.72197484e-003, 1.02192257e-002,
                1.09578362e-002, 1.18533913e-002, 1.45750642e-002,
                1.41663877e-002, 1.35490755e-002, 1.28657874e-002,
                1.23227909e-002, 1.18712187e-002, 1.16369501e-002,
                1.16993766e-002, 1.19920503e-002, 1.22478856e-002,
                1.24307731e-002 ]
      patch 6:
         P: !!opencv-matrix
            rows: 11
            cols: 11
            dt: f
            data: [ 1.04382737e-002, 1.10954139e-002, 1.20442268e-002,
                1.28120258e-002, 1.25910323e-002, 1.06051145e-002,
                6.98975567e-003, 2.91713816e-003, -1.25567964e-003,
                -7.93732982e-003, -2.04069149e-002, 1.61579764e-003,
                2.49610771e-003, 4.63442504e-003, 7.54498178e-003,
                9.53592453e-003, 9.28722974e-003, 7.04665715e-003,
                3.94870481e-003, 4.46714956e-004, -5.15679503e-003,
                -1.56151187e-002, -6.42720144e-003, -7.31749181e-003,
                -5.01326146e-003, -7.30855390e-006, 4.76803444e-003,
                7.15991203e-003, 7.05988146e-003, 5.34324255e-003,
                2.71439226e-003, -1.56091352e-003, -9.22894105e-003,
                -1.19623439e-002, -1.66107994e-002, -1.58361942e-002,
                -9.67638846e-003, -2.04166071e-003, 3.72206676e-003,
                6.31624553e-003, 6.08242815e-003, 4.25253157e-003,
                1.39365916e-003, -3.07508721e-003, -1.60034802e-002,
                -2.45812144e-002, -2.62370221e-002, -2.00512949e-002,
                -9.91703849e-003, -6.07518770e-004, 4.83097741e-003,
                6.15524733e-003, 5.23027219e-003, 3.76232644e-003,
                1.96907367e-003, -2.01999117e-002, -3.06315869e-002,
                -3.35560180e-002, -2.73744203e-002, -1.55823985e-002,
                -3.91647452e-003, 3.42722330e-003, 5.89117035e-003,
                5.81692485e-003, 5.43089816e-003, 5.25750499e-003,
                -2.43232399e-002, -3.28799337e-002, -3.42699960e-002,
                -2.72976588e-002, -1.53842792e-002, -3.80885019e-003,
                3.53385182e-003, 6.12366665e-003, 6.51197648e-003,
                7.01031601e-003, 8.09628703e-003, -2.45956350e-002,
                -2.84741726e-002, -2.65163649e-002, -1.88719910e-002,
                -8.76685511e-003, 2.86708295e-004, 5.81115391e-003,
                7.73243001e-003, 8.61397851e-003, 1.03899054e-002,
                1.33236563e-002, -1.79498736e-002, -1.75259933e-002,
                -1.31088551e-002, -6.02071919e-003, 1.00416434e-003,
                6.50948705e-003, 9.54446848e-003, 1.06365047e-002,
                1.23901544e-002, 1.59766208e-002, 2.10390184e-002,
                -7.01407483e-003, -4.55806125e-003, 2.71767698e-004,
                5.73326461e-003, 9.79394279e-003, 1.23843579e-002,
                1.35322371e-002, 1.40899997e-002, 1.65373515e-002,
                2.15723757e-002, 2.81550083e-002, 4.47196374e-003,
                7.14808004e-003, 1.09061291e-002, 1.42837297e-002,
                1.60178021e-002, 1.66935828e-002, 1.66393798e-002,
                1.66344531e-002, 1.91053171e-002, 2.50883959e-002,
                3.29294205e-002 ]
      patch 7:
         P: !!opencv-matrix
            rows: 11
            cols: 11
            dt: f
            data: [ 5.57565875e-003, 6.46625739e-003, 7.36357644e-003,
                8.35390482e-003, 8.93143006e-003, 8.88172071e-003,
                8.59598909e-003, 8.47500656e-003, 8.52689799e-003,
                8.71499162e-003, 9.03642830e-003, -9.15214012e-004,
                4.63230128e-004, 1.78774213e-003, 3.18817887e-003,
                4.20254795e-003, 4.57144342e-003, 4.65019001e-003,
                4.95360233e-003, 5.52868610e-003, 6.17885543e-003,
                6.89817034e-003, -1.82180258e-003, 3.29474860e-004,
                2.46781018e-003, 4.44504991e-003, 5.80562837e-003,
                6.39839144e-003, 6.48056390e-003, 6.60429848e-003,
                7.05276662e-003, 7.61621259e-003, 8.24254379e-003,
                -5.10914775e-004, 2.22878903e-003, 5.07705333e-003,
                7.56980991e-003, 9.16694943e-003, 9.74769332e-003,
                9.53118224e-003, 9.15512443e-003, 9.12671536e-003,
                9.29630361e-003, 9.50771198e-003, 1.51321362e-003,
                3.74832936e-003, 6.34076679e-003, 8.78195651e-003,
                1.03517482e-002, 1.07923215e-002, 1.03278132e-002,
                9.67770442e-003, 9.47504397e-003, 9.61713400e-003,
                9.77712590e-003, 4.68373531e-003, 4.78641177e-003,
                5.52487141e-003, 6.84000133e-003, 7.83584546e-003,
                7.85691757e-003, 6.99231541e-003, 6.07785070e-003,
                5.99607499e-003, 6.76788436e-003, 7.86171481e-003,
                7.80630996e-003, 4.58053173e-003, 2.15696217e-003,
                1.32694375e-003, 1.08242314e-003, 1.66540151e-004,
                -1.72253244e-003, -3.34284967e-003, -3.09273368e-003,
                -6.50545233e-004, 3.14582023e-003, 9.40407813e-003,
                2.13978672e-003, -3.68442456e-003, -6.46306947e-003,
                -7.64359022e-003, -9.61002894e-003, -1.31925978e-002,
                -1.61151644e-002, -1.54627822e-002, -1.04191443e-002,
                -2.22893548e-003, 9.86272842e-003, -1.31891074e-003,
                -9.27308854e-003, -1.22278258e-002, -1.28301177e-002,
                -1.50821470e-002, -2.03368589e-002, -2.49948390e-002,
                -2.46918909e-002, -1.77881401e-002, -5.63826133e-003,
                1.10528944e-002, -2.90949084e-003, -1.11979060e-002,
                -1.27210161e-002, -1.16035296e-002, -1.31136915e-002,
                -1.89711861e-002, -2.49595698e-002, -2.58599371e-002,
                -1.89675279e-002, -5.26850345e-003, 1.39482031e-002,
                -1.73408200e-003, -1.02161970e-002, -1.09693473e-002,
                -8.71259253e-003, -8.87782127e-003, -1.34784533e-002,
                -1.90140605e-002, -2.04937272e-002, -1.43738836e-002,
                -9.91546432e-004 ]
      patch 8:
         P: !!opencv-matrix
            rows: 11
            cols: 11
            dt: f
            data: [ -1.79541603e-004, -3.58583202e-004, -9.23940330e-004,
                -1.79743755e-003, -2.63741775e-003, -3.13991727e-003,
                -2.71761464e-003, -1.67646169e-004, 4.83169360e-003,
                1.02265719e-002, 1.37457745e-002, 3.98512057e-004,
                -3.77203833e-004, -1.24099304e-003, -2.14941264e-003,
                -2.67226691e-003, -2.33123824e-003, -5.99397521e-004,
                3.18126846e-003, 8.26641265e-003, 1.28092552e-002,
                1.54794604e-002, -1.32388412e-003, -1.70078478e-003,
                -2.02471227e-003, -2.40247976e-003, -2.49026669e-003,
                -1.64013787e-003, 9.86222294e-004, 5.68645634e-003,
                1.06785139e-002, 1.43219214e-002, 1.61451697e-002,
                -2.14734371e-003, -2.32571317e-003, -2.50475248e-003,
                -2.79014558e-003, -2.91528692e-003, -2.02457141e-003,
                1.08125329e-003, 6.36437675e-003, 1.12513984e-002,
                1.42705934e-002, 1.56203927e-002, -2.25283508e-003,
                -3.00767180e-003, -3.94903775e-003, -4.79708472e-003,
                -5.13685541e-003, -3.94456880e-003, -1.51494169e-004,
                5.51845366e-003, 1.02689574e-002, 1.30838612e-002,
                1.45056453e-002, -2.99024605e-003, -4.95701516e-003,
                -7.15025607e-003, -8.66935775e-003, -8.82290583e-003,
                -6.59102248e-003, -1.66709442e-003, 4.32532979e-003,
                8.88002943e-003, 1.17463199e-002, 1.35170221e-002,
                -5.29973302e-003, -8.65202863e-003, -1.18019525e-002,
                -1.33581944e-002, -1.24713629e-002, -8.51967745e-003,
                -2.41390173e-003, 3.60640208e-003, 7.84930214e-003,
                1.07774716e-002, 1.28574995e-002, -9.50238109e-003,
                -1.38651412e-002, -1.70662012e-002, -1.74401104e-002,
                -1.42960995e-002, -8.10645428e-003, -1.20622735e-003,
                4.23612678e-003, 7.87036680e-003, 1.06367562e-002,
                1.27653759e-002, -1.51456865e-002, -1.94402970e-002,
                -2.11545732e-002, -1.87656078e-002, -1.24265868e-002,
                -4.30943863e-003, 2.37659994e-003, 6.47956273e-003,
                9.09424014e-003, 1.13652032e-002, 1.32533927e-002,
                -2.07017642e-002, -2.32690983e-002, -2.16025207e-002,
                -1.50470100e-002, -5.64091885e-003, 2.77607678e-003,
                7.70411175e-003, 9.84722376e-003, 1.12594217e-002,
                1.28414584e-002, 1.42984614e-002, -2.49140151e-002,
                -2.39937454e-002, -1.72701962e-002, -6.20674202e-003,
                4.67117410e-003, 1.11687891e-002, 1.32416235e-002,
                1.34486677e-002, 1.37978634e-002, 1.46166785e-002,
                1.55278286e-002 ]
      patch 9:
         P: !!opencv-matrix
            rows: 11
            cols: 11
            dt: f
            data: [ -7.48150283e-003, -1.12033756e-002, -1.51631180e-002,
                -1.87430270e-002, -2.06611492e-002, -1.83283016e-002,
                -9.58151836e-003, 3.74321151e-003, 1.66530535e-002,
                2.36614663e-002, 2.21127067e-002, -6.10342762e-003,
                -9.66387708e-003, -1.36005087e-002, -1.68211944e-002,
                -1.80073977e-002, -1.59184542e-002, -9.90440231e-003,
                -1.28688116e-003, 7.17089744e-003, 1.19411042e-002,
                1.04709528e-002, -5.65653900e-003, -9.37779527e-003,
                -1.31177045e-002, -1.52766937e-002, -1.50574045e-002,
                -1.28516480e-002, -9.37250163e-003, -5.31423325e-003,
                -1.40899210e-003, 6.92786241e-004, -1.15491613e-003,
                -6.10151188e-003, -9.82233137e-003, -1.28138857e-002,
                -1.34074986e-002, -1.15734357e-002, -9.03151650e-003,
                -7.44987093e-003, -7.19855865e-003, -7.68176047e-003,
                -8.92318878e-003, -1.21894302e-002, -6.84803259e-003,
                -9.84064583e-003, -1.13925664e-002, -1.03027327e-002,
                -7.11575802e-003, -4.12621628e-003, -3.34054651e-003,
                -5.30038122e-003, -9.37353075e-003, -1.45778032e-002,
                -2.07823571e-002, -7.21394690e-003, -8.83710943e-003,
                -8.50423612e-003, -5.77039691e-003, -1.57375901e-003,
                1.82890694e-003, 2.83529283e-003, 6.00468658e-004,
                -5.40484069e-003, -1.43578611e-002, -2.46059205e-002,
                -6.81056269e-003, -6.76511368e-003, -4.54962207e-003,
                -5.63778623e-004, 3.95134930e-003, 7.44684367e-003,
                9.25948471e-003, 8.29441287e-003, 2.48365058e-003,
                -8.45970865e-003, -2.20400821e-002, -5.49501786e-003,
                -3.77438031e-003, 2.35270763e-005, 4.58604423e-003,
                8.67633894e-003, 1.18819056e-002, 1.44463200e-002,
                1.51755828e-002, 1.11780781e-002, 1.03660778e-003,
                -1.31051093e-002, -3.32664885e-003, -2.64277711e-004,
                4.57959576e-003, 9.19434894e-003, 1.26358392e-002,
                1.54149942e-002, 1.82529241e-002, 2.00264622e-002,
                1.81526672e-002, 1.09874168e-002, -4.55467758e-004,
                -7.09004235e-004, 3.14338668e-003, 8.31879675e-003,
                1.26837334e-002, 1.56131564e-002, 1.80635508e-002,
                2.07983255e-002, 2.28151884e-002, 2.22598556e-002,
                1.81020014e-002, 1.06371976e-002, 2.49726372e-003,
                6.57523517e-003, 1.14380484e-002, 1.52410399e-002,
                1.77198295e-002, 1.97954495e-002, 2.20640898e-002,
                2.37795115e-002, 2.36628279e-002, 2.13283487e-002,
                1.69075150e-002 ]
      patch 10:
         P: !!opencv-matrix
            rows: 11
            cols: 11
            dt: f
            data: [ -2.91665248e-003, 1.04183089e-002, 1.77781861e-002,
                2.02412102e-002, 1.99019685e-002, 1.87435281e-002,
                1.75314713e-002, 1.60686038e-002, 1.31288301e-002,
                7.20736664e-003, -2.19294964e-003, -9.97104961e-003,
                3.81398248e-003, 1.04976688e-002, 1.27645927e-002,
                1.25416685e-002, 1.14205899e-002, 1.04495846e-002,
                9.51742474e-003, 7.10662827e-003, 1.37075246e-003,
                -8.69599357e-003, -1.31250806e-002, -9.45343694e-004,
                4.68291435e-003, 6.58704154e-003, 6.25880994e-003,
                4.90256120e-003, 3.43285152e-003, 1.74983626e-003,
                -1.32172217e-003, -7.25676725e-003, -1.71051081e-002,
                -1.21298628e-002, -3.81058129e-003, 2.85672693e-004,
                1.58347515e-003, 9.14686534e-004, -8.98121856e-004,
                -3.42737394e-003, -6.72109053e-003, -1.13076381e-002,
                -1.78148337e-002, -2.65356600e-002, -8.18263367e-003,
                -3.77434352e-003, -1.65361306e-003, -1.51953043e-003,
                -2.89757550e-003, -5.15192281e-003, -8.25874601e-003,
                -1.25063993e-002, -1.83478221e-002, -2.55483296e-002,
                -3.31448354e-002, -2.83580017e-003, -9.53743875e-004,
                -8.41644185e-004, -2.30445550e-003, -4.42108745e-003,
                -6.30277721e-003, -8.42782389e-003, -1.21619822e-002,
                -1.86643023e-002, -2.68617235e-002, -3.44371945e-002,
                3.21563589e-003, 3.11991060e-003, 1.50797307e-003,
                -1.15665770e-003, -3.46380170e-003, -4.20071417e-003,
                -4.44070250e-003, -6.72712130e-003, -1.30919497e-002,
                -2.20912024e-002, -3.05497851e-002, 9.32036527e-003,
                7.17819436e-003, 4.17165924e-003, 9.51541762e-004,
                -9.86402854e-004, -4.42050252e-004, 1.01041445e-003,
                1.57679140e-004, -5.45135746e-003, -1.44289909e-002,
                -2.35374887e-002, 1.51869282e-002, 1.08261080e-002,
                6.32253103e-003, 2.63675372e-003, 1.45574636e-003,
                3.47147603e-003, 6.47321623e-003, 6.94201887e-003,
                2.32688314e-003, -6.17031893e-003, -1.56550277e-002,
                2.03033835e-002, 1.37866223e-002, 7.58960424e-003,
                3.31586017e-003, 2.91825575e-003, 6.48443820e-003,
                1.10951755e-002, 1.29736932e-002, 9.54875723e-003,
                1.79357885e-003, -7.67755974e-003, 2.43146438e-002,
                1.60935856e-002, 8.43718275e-003, 3.48360045e-003,
                3.30921798e-003, 7.87822250e-003, 1.39068747e-002,
                1.71693787e-002, 1.51072284e-002, 8.69074464e-003,
                7.47190934e-005 ]
      patch 11:
         P: !!opencv-matrix
            rows: 11
            cols: 11
            dt: f
            data: [ 2.13550683e-002, 2.71205474e-002, 2.13463865e-002,
                6.29301742e-003, -9.62775946e-003, -1.65100545e-002,
                -1.25477156e-002, -3.64304800e-003, 4.98860748e-003,
                1.20783867e-002, 1.78661216e-002, 2.16927920e-002,
                2.50978712e-002, 1.79928355e-002, 3.55093973e-003,
                -1.02181304e-002, -1.51080908e-002, -1.03298109e-002,
                -1.38000201e-003, 7.06498884e-003, 1.39851999e-002,
                1.96436923e-002, 2.05136929e-002, 2.15323605e-002,
                1.35661354e-002, 3.55532218e-004, -1.06581356e-002,
                -1.32798692e-002, -8.07683822e-003, 2.77202926e-004,
                8.34130123e-003, 1.50909927e-002, 2.04604752e-002,
                1.56922955e-002, 1.51595771e-002, 7.31353881e-003,
                -3.97299696e-003, -1.19536454e-002, -1.21930167e-002,
                -6.50034240e-003, 1.07641448e-003, 8.51860270e-003,
                1.51246199e-002, 2.03996878e-002, 6.31173747e-003,
                5.35133528e-003, -1.05234713e-003, -9.23779048e-003,
                -1.35976141e-002, -1.16552440e-002, -5.68902399e-003,
                1.21166056e-003, 7.97400717e-003, 1.44057367e-002,
                1.97361503e-002, -6.72943797e-003, -6.89622387e-003,
                -1.05285058e-002, -1.43636977e-002, -1.46058109e-002,
                -1.07448362e-002, -4.86073550e-003, 1.35728659e-003,
                7.36597041e-003, 1.32438308e-002, 1.84033345e-002,
                -2.00699978e-002, -1.82891954e-002, -1.83388013e-002,
                -1.77354719e-002, -1.44663854e-002, -9.25811566e-003,
                -3.75087955e-003, 1.66620279e-003, 6.95049809e-003,
                1.22023821e-002, 1.72348041e-002, -2.81166974e-002,
                -2.40990762e-002, -2.08827183e-002, -1.71994772e-002,
                -1.22711379e-002, -7.04848627e-003, -2.43715569e-003,
                1.92586088e-003, 6.48077298e-003, 1.14409691e-002,
                1.66035946e-002, -2.80608945e-002, -2.27473974e-002,
                -1.78714488e-002, -1.31375287e-002, -8.52029212e-003,
                -4.51248232e-003, -1.24360889e-003, 1.96058000e-003,
                5.81511669e-003, 1.06223030e-002, 1.58165153e-002,
                -2.22600605e-002, -1.70313343e-002, -1.21090552e-002,
                -7.82254804e-003, -4.50808695e-003, -2.12632818e-003,
                -2.45846808e-004, 1.88375299e-003, 4.91730776e-003,
                9.21721011e-003, 1.41787929e-002, -1.44873094e-002,
                -1.04363542e-002, -6.54612808e-003, -3.11944378e-003,
                -7.93775835e-004, 4.28522675e-004, 1.25370373e-003,
                2.46868166e-003, 4.58683632e-003, 8.20385758e-003,
                1.27910050e-002 ]
      patch 12:
         P: !!opencv-matrix
            rows: 11
            cols: 11
            dt: f
            data: [ 1.72670651e-002, 1.01288846e-002, 2.57735210e-003,
                -5.35687897e-003, -1.22951269e-002, -1.64774768e-002,
                -1.73786785e-002, -1.59161948e-002, -1.29974876e-002,
                -1.00352382e-002, -8.61431845e-003, 1.89898126e-002,
                1.32933846e-002, 7.49559235e-003, 1.12492521e-003,
                -4.93895961e-003, -9.15408228e-003, -1.04559120e-002,
                -9.13242437e-003, -5.67091024e-003, -1.04351644e-003,
                3.31489975e-003, 1.90739892e-002, 1.39246425e-002,
                9.25129652e-003, 4.27229470e-003, -6.77117670e-004,
                -4.48781485e-003, -6.05533412e-003, -5.25921676e-003,
                -2.26418604e-003, 2.22663069e-003, 7.10059470e-003,
                1.75020639e-002, 1.20919496e-002, 7.92209711e-003,
                4.11583344e-003, 5.10822691e-004, -2.36533210e-003,
                -3.64449713e-003, -2.87386612e-003, -7.35410867e-005,
                3.93988658e-003, 8.33922159e-003, 1.45833418e-002,
                8.48895032e-003, 4.47247038e-003, 1.48609537e-003,
                -1.01753243e-003, -2.86706048e-003, -3.28495260e-003,
                -1.83840015e-003, 1.36294309e-003, 5.16328262e-003,
                8.84106662e-003, 1.21786362e-002, 4.96626645e-003,
                3.35533201e-004, -2.79624760e-003, -5.00703556e-003,
                -6.22667000e-003, -5.66007942e-003, -2.92399852e-003,
                1.51489326e-003, 5.95917879e-003, 9.55739990e-003,
                1.18265850e-002, 3.06090340e-003, -3.11600440e-003,
                -7.65337143e-003, -1.08977351e-002, -1.23173557e-002,
                -1.09064374e-002, -6.54028170e-003, -2.61911598e-004,
                5.75040560e-003, 1.03126094e-002, 1.45483464e-002,
                4.97589726e-003, -2.45662546e-003, -8.91577639e-003,
                -1.46334171e-002, -1.80974565e-002, -1.75772440e-002,
                -1.27207516e-002, -4.79219574e-003, 3.40029132e-003,
                9.90317389e-003, 2.02179030e-002, 1.14680380e-002,
                4.14282130e-003, -3.51195945e-003, -1.18480111e-002,
                -1.89232398e-002, -2.19427496e-002, -1.90654546e-002,
                -1.10457279e-002, -1.26175559e-003, 7.34227058e-003,
                2.74035018e-002, 2.04854459e-002, 1.44677153e-002,
                7.20073702e-003, -2.09805625e-003, -1.21976733e-002,
                -1.99564304e-002, -2.16728933e-002, -1.65017582e-002,
                -7.13255676e-003, 2.91832536e-003, 3.38081419e-002,
                2.87656672e-002, 2.46565975e-002, 1.93646569e-002,
                1.13788368e-002, 5.11347607e-004, -1.10504171e-002,
                -1.87257938e-002, -1.92549992e-002, -1.28746890e-002,
                -2.53783492e-003 ]
      patch 13:
         P: !!opencv-matrix
            rows: 11
            cols: 11
            dt: f
            data: [ 8.40506051e-004, 4.07536235e-003, 7.16480287e-003,
                8.68489966e-003, 8.00926518e-003, 6.25493610e-003,
                4.59434092e-003, 3.01713892e-003, 5.41345333e-004,
                -3.60232452e-003, -9.85684432e-003, 4.39682929e-003,
                7.10374583e-003, 8.73001385e-003, 8.85945559e-003,
                7.72828981e-003, 6.23725168e-003, 4.92941635e-003,
                3.71247251e-003, 2.13878555e-003, -4.28161875e-004,
                -5.08642523e-003, 8.24552216e-003, 9.49969795e-003,
                9.42348596e-003, 8.36744811e-003, 7.08826585e-003,
                6.06753631e-003, 5.18333865e-003, 4.15196270e-003,
                2.90482095e-003, 1.26539462e-003, -1.90779229e-003,
                1.07608391e-002, 1.04889954e-002, 9.20953508e-003,
                7.55931344e-003, 6.23645121e-003, 5.33069391e-003,
                4.43921424e-003, 3.21843498e-003, 1.87792745e-003,
                7.81210314e-004, -9.72362875e-004, 1.11923190e-002,
                9.50228795e-003, 7.54798483e-003, 5.94153209e-003,
                4.79809474e-003, 3.68930865e-003, 2.23704497e-003,
                4.26148967e-004, -1.16217358e-003, -1.72769476e-003,
                -1.99674536e-003, 9.24234837e-003, 6.44939765e-003,
                4.34729969e-003, 3.30040650e-003, 2.62755295e-003,
                1.40117633e-003, -6.75593619e-004, -3.23507586e-003,
                -5.24147740e-003, -5.42696100e-003, -4.35129879e-003,
                6.07324392e-003, 2.93962401e-003, 1.23731152e-003,
                9.28105670e-004, 7.59218703e-004, -4.14155249e-004,
                -2.86830426e-003, -6.00785902e-003, -8.46464559e-003,
                -8.68691225e-003, -7.07495864e-003, 3.30232317e-003,
                6.77567092e-004, -3.44763830e-004, -1.23805847e-004,
                -7.11985194e-005, -1.30940217e-003, -4.05770168e-003,
                -7.54321553e-003, -1.02615347e-002, -1.08136758e-002,
                -9.56432801e-003, 1.77946396e-003, -5.93550176e-005,
                -4.68294660e-004, -8.62591696e-005, -2.66213552e-004,
                -1.95573154e-003, -5.10850316e-003, -8.69475398e-003,
                -1.13350870e-002, -1.20945582e-002, -1.15250060e-002,
                1.15753058e-003, -1.69582359e-004, -2.97353428e-004,
                -2.08180645e-004, -1.10985478e-003, -3.52934306e-003,
                -6.99779997e-003, -1.03039630e-002, -1.23881893e-002,
                -1.28955599e-002, -1.26194796e-002, 7.94640626e-004,
                -5.91810618e-004, -1.09444233e-003, -1.85616210e-003,
                -3.75305861e-003, -6.67556329e-003, -9.95892473e-003,
                -1.25513319e-002, -1.36988070e-002, -1.33742196e-002,
                -1.25239845e-002 ]
      patch 14:
         P: !!opencv-matrix
            rows: 11
            cols: 11
            dt: f
            data: [ 4.42015892e-003, 9.08090826e-003, 1.34454994e-002,
                1.57256611e-002, 1.56301800e-002, 1.40338000e-002,
                1.22517105e-002, 1.13270842e-002, 1.12028979e-002,
                1.10661425e-002, 1.02622109e-002, 4.62430064e-003,
                8.87106359e-003, 1.24413138e-002, 1.39518026e-002,
                1.33862412e-002, 1.15384366e-002, 9.50742792e-003,
                8.18645023e-003, 7.56237423e-003, 7.41353072e-003,
                7.64205866e-003, 4.66761366e-003, 8.34216736e-003,
                1.11697372e-002, 1.20753255e-002, 1.12630110e-002,
                9.43961274e-003, 7.23733939e-003, 5.14163729e-003,
                3.31074744e-003, 2.10607029e-003, 2.15955568e-003,
                4.45388909e-003, 7.34703476e-003, 9.28242877e-003,
                9.48182773e-003, 8.22652597e-003, 6.04180060e-003,
                3.06704710e-003, -8.07340955e-004, -5.37219038e-003,
                -9.43724439e-003, -1.10597080e-002, 3.72215803e-003,
                5.57815609e-003, 6.46805996e-003, 5.85783878e-003,
                4.02641855e-003, 1.20887917e-003, -2.97486922e-003,
                -9.30231530e-003, -1.76847223e-002, -2.58209165e-002,
                -3.00396886e-002, 2.28217244e-003, 3.06146429e-003,
                3.05561000e-003, 2.03543645e-003, 2.29647630e-004,
                -2.53540603e-003, -7.13317702e-003, -1.47871478e-002,
                -2.55459379e-002, -3.65320332e-002, -4.30765562e-002,
                5.39802306e-004, 4.56139096e-004, 1.11996906e-005,
                -7.12454319e-004, -1.56851846e-003, -3.11521790e-003,
                -6.55510882e-003, -1.32154189e-002, -2.33672280e-002,
                -3.44870463e-002, -4.20262553e-002, -5.91147982e-004,
                -1.12071901e-003, -1.54789328e-003, -1.61106198e-003,
                -1.19745522e-003, -1.00958673e-003, -2.30867532e-003,
                -6.43705856e-003, -1.39375096e-002, -2.30760034e-002,
                -3.01230084e-002, -5.50016586e-004, -1.12419506e-003,
                -1.42544927e-003, -9.74777155e-004, 3.35972843e-004,
                1.86895195e-003, 2.56248866e-003, 1.20654597e-003,
                -2.88796215e-003, -8.92866589e-003, -1.44612342e-002,
                4.32228291e-004, 1.78610062e-005, -2.57660984e-004,
                2.43465547e-004, 1.76923885e-003, 3.87131027e-003,
                5.77097619e-003, 6.53197104e-003, 5.46447840e-003,
                2.42132042e-003, -1.61334721e-003, 1.60727859e-003,
                1.51623506e-003, 1.36139558e-003, 1.69426040e-003,
                2.89695803e-003, 4.81025735e-003, 6.93136966e-003,
                8.64035264e-003, 9.41561535e-003, 8.44770763e-003,
                5.60476864e-003 ]
      patch 15:
         P: !!opencv-matrix
            rows: 11
            cols: 11
            dt: f
            data: [ -3.25413514e-003, -2.64796405e-003, -3.74198356e-003,
                -5.58148324e-003, -5.22533339e-003, -1.27266534e-003,
                3.96207254e-003, 6.92163128e-003, 6.12106826e-003,
                1.79874140e-003, -6.11744775e-003, 1.47233310e-003,
                1.39298581e-003, -5.43452392e-004, -3.43874097e-003,
                -3.90503579e-003, -1.82273041e-004, 5.40884351e-003,
                9.72200837e-003, 1.16081582e-002, 1.09631140e-002,
                7.36790523e-003, 7.68208783e-003, 6.09359238e-003,
                3.10079125e-003, -6.60684833e-004, -2.89761764e-003,
                -1.81291846e-003, 1.86651631e-003, 6.08129194e-003,
                9.32052638e-003, 1.09746866e-002, 1.09425420e-002,
                1.38683822e-002, 1.08012129e-002, 6.93579437e-003,
                2.47307122e-003, -1.84683758e-003, -4.33596317e-003,
                -3.75371543e-003, -9.65560845e-004, 2.13682186e-003,
                4.60049324e-003, 6.67176070e-003, 1.84029900e-002,
                1.49627915e-002, 1.09872539e-002, 6.13478385e-003,
                1.83166703e-004, -5.49778156e-003, -8.71659908e-003,
                -9.17323306e-003, -7.88039714e-003, -5.38114179e-003,
                -1.89152767e-003, 2.09571142e-002, 1.81744732e-002,
                1.47441952e-002, 1.00114467e-002, 3.39717628e-003,
                -4.27340390e-003, -1.09118996e-002, -1.52379619e-002,
                -1.67269055e-002, -1.51649918e-002, -1.13806678e-002,
                2.13354398e-002, 1.94824543e-002, 1.69076845e-002,
                1.27779394e-002, 6.59670401e-003, -1.19266671e-003,
                -9.13989916e-003, -1.56496763e-002, -1.93208270e-002,
                -1.98201295e-002, -1.80048682e-002, 1.90202650e-002,
                1.73672289e-002, 1.54334204e-002, 1.21838273e-002,
                7.12349499e-003, 6.56841090e-004, -6.36981521e-003,
                -1.26089687e-002, -1.67694371e-002, -1.91809181e-002,
                -2.06194464e-002, 1.52844619e-002, 1.27071152e-002,
                1.06202532e-002, 7.95528200e-003, 4.05044295e-003,
                -7.33831606e-004, -5.89690730e-003, -1.05492761e-002,
                -1.39624877e-002, -1.71440654e-002, -2.08577383e-002,
                1.27541935e-002, 8.89027491e-003, 5.91699872e-003,
                3.23321973e-003, -1.25592369e-005, -3.51988780e-003,
                -7.07192672e-003, -1.03501659e-002, -1.32607641e-002,
                -1.67208817e-002, -2.12742332e-002, 1.24526694e-002,
                8.62971134e-003, 4.37692367e-003, 7.28469458e-004,
                -2.63062911e-003, -5.44809364e-003, -7.95391388e-003,
                -1.05043817e-002, -1.35386679e-002, -1.76093169e-002,
                -2.25885287e-002 ]
      patch 16:
         P: !!opencv-matrix
            rows: 11
            cols: 11
            dt: f
            data: [ 4.30242866e-002, 3.26814838e-002, 2.08686218e-002,
                1.06942281e-002, 4.29077679e-003, 3.46658565e-003,
                7.58851925e-003, 1.28972782e-002, 1.61688942e-002,
                1.67596452e-002, 1.46578606e-002, 3.03093232e-002,
                2.20712405e-002, 1.21363578e-002, 3.63532500e-003,
                -1.77238183e-003, -2.40305811e-003, 1.32144021e-003,
                5.82570443e-003, 7.80666899e-003, 7.24286539e-003,
                4.58835717e-003, 1.64755974e-002, 9.48092807e-003,
                1.03912002e-003, -6.05746405e-003, -1.05654765e-002,
                -1.12671796e-002, -8.68120696e-003, -5.63669577e-003,
                -4.59781755e-003, -5.23265405e-003, -7.15928618e-003,
                5.73054329e-003, -1.68738829e-003, -9.13076941e-003,
                -1.45799275e-002, -1.77500639e-002, -1.80510487e-002,
                -1.60493739e-002, -1.37864826e-002, -1.30815953e-002,
                -1.37656098e-002, -1.52651733e-002, -4.95282111e-005,
                -7.92748202e-003, -1.43362144e-002, -1.82494018e-002,
                -1.98498107e-002, -1.88814364e-002, -1.63512174e-002,
                -1.40797114e-002, -1.34545946e-002, -1.43483458e-002,
                -1.55413952e-002, -1.29343173e-003, -8.71958211e-003,
                -1.40097216e-002, -1.67921782e-002, -1.67493410e-002,
                -1.40273506e-002, -1.04727093e-002, -7.86539912e-003,
                -7.07108621e-003, -7.53835076e-003, -7.75319245e-003,
                -5.37608285e-005, -6.51317928e-003, -1.08985705e-002,
                -1.28249014e-002, -1.14818718e-002, -7.58978073e-003,
                -3.64384917e-003, -9.28332796e-004, 3.70503985e-004,
                8.33291560e-004, 1.32594956e-003, 3.26543185e-003,
                -2.64861598e-003, -6.91542402e-003, -8.80864821e-003,
                -7.36836065e-003, -3.62501852e-003, -1.23157326e-004,
                2.30508833e-003, 3.79209593e-003, 4.53543663e-003,
                4.56089806e-003, 1.00455433e-002, 3.34415049e-003,
                -1.98112894e-003, -4.64945473e-003, -4.09302162e-003,
                -1.65134214e-003, 7.35904323e-004, 2.63126777e-003,
                3.89016373e-003, 4.36721742e-003, 3.39574530e-003,
                2.02145427e-002, 1.21027241e-002, 5.28613292e-003,
                1.46267202e-003, 6.84028200e-004, 1.30270561e-003,
                2.21741060e-003, 3.42540792e-003, 4.57335496e-003,
                4.94014286e-003, 2.95417011e-003, 3.27479690e-002,
                2.39155795e-002, 1.64275300e-002, 1.16129033e-002,
                9.15522687e-003, 7.87562132e-003, 7.33922701e-003,
                7.69986212e-003, 8.55088141e-003, 8.41707736e-003,
                4.63062664e-003 ]
      patch 17:
         P: !!opencv-matrix
            rows: 11
            cols: 11
            dt: f
            data: [ -1.51103446e-002, -1.15728183e-002, -9.61287413e-003,
                -9.37137008e-003, -1.01951705e-002, -1.10977432e-002,
                -1.15895765e-002, -1.10131381e-002, -8.26468877e-003,
                -3.17889242e-003, 2.51880358e-003, 4.94606839e-003,
                5.64045692e-003, 3.91668500e-003, -6.09623559e-004,
                -6.43683877e-003, -1.07499417e-002, -1.16428500e-002,
                -9.01728775e-003, -3.95339681e-003, 2.09566299e-003,
                7.49466475e-003, 1.92102771e-002, 1.57913286e-002,
                9.57022514e-003, 6.29987102e-004, -8.60481989e-003,
                -1.42303342e-002, -1.37730520e-002, -8.00903607e-003,
                -1.75452471e-004, 6.50248444e-003, 1.09648975e-002,
                2.49748062e-002, 1.76264383e-002, 7.42243137e-003,
                -4.23004897e-003, -1.41116660e-002, -1.83567498e-002,
                -1.51478238e-002, -6.64445292e-003, 2.68092449e-003,
                9.07723606e-003, 1.22054946e-002, 2.17717234e-002,
                1.09442286e-002, -1.55498891e-003, -1.29638659e-002,
                -1.99948922e-002, -2.00872384e-002, -1.32663241e-002,
                -3.20308702e-003, 5.65946335e-003, 1.08915707e-002,
                1.29428972e-002, 1.14941057e-002, -1.29749277e-003,
                -1.31915743e-002, -2.07586139e-002, -2.20106654e-002,
                -1.68677252e-002, -7.41403922e-003, 2.28468841e-003,
                9.19597875e-003, 1.27523653e-002, 1.39297759e-002,
                -1.50057231e-003, -1.28100486e-002, -2.08944585e-002,
                -2.24917345e-002, -1.74375456e-002, -8.45305342e-003,
                1.13140396e-003, 8.48900061e-003, 1.25325825e-002,
                1.40555678e-002, 1.42563684e-002, -1.18077341e-002,
                -1.82488859e-002, -2.04827841e-002, -1.65989455e-002,
                -7.66485557e-003, 2.28769379e-003, 9.67469439e-003,
                1.35409590e-002, 1.43757053e-002, 1.36012901e-002,
                1.24532934e-002, -1.48298070e-002, -1.58705451e-002,
                -1.31813493e-002, -6.47368887e-003, 2.60672043e-003,
                1.05600497e-002, 1.47010619e-002, 1.52537236e-002,
                1.33156478e-002, 1.04794232e-002, 7.75871100e-003,
                -1.06544150e-002, -8.35526455e-003, -3.78479669e-003,
                2.80697853e-003, 9.72342677e-003, 1.47539703e-002,
                1.64838377e-002, 1.49766253e-002, 1.10451300e-002,
                6.82375161e-003, 2.75704102e-003, -4.35376074e-003,
                -1.08157587e-003, 3.04027810e-003, 7.95750692e-003,
                1.25309238e-002, 1.58884153e-002, 1.73559971e-002,
                1.55617120e-002, 1.08415438e-002, 6.38381252e-003,
                1.15514069e-003 ]
      patch 18:
         P: !!opencv-matrix
            rows: 11
            cols: 11
            dt: f
            data: [ 7.31720682e-003, 9.63167008e-003, 1.10160504e-002,
                1.25602940e-002, 1.37713291e-002, 1.36310533e-002,
                1.18609592e-002, 8.86880793e-003, 5.77469217e-003,
                3.45003558e-003, 2.18731374e-003, 3.99068743e-003,
                6.91945758e-003, 9.26926639e-003, 1.17233414e-002,
                1.35561479e-002, 1.37651274e-002, 1.22283511e-002,
                9.38822515e-003, 6.23085769e-003, 3.68232094e-003,
                2.42315140e-003, -1.03942258e-003, 2.35925685e-003,
                5.51688671e-003, 8.64977483e-003, 1.10828476e-002,
                1.18866060e-002, 1.09717427e-002, 8.78406968e-003,
                6.03457214e-003, 3.58548271e-003, 2.59509683e-003,
                -7.89573509e-003, -4.18283790e-003, -5.56825544e-004,
                2.92699016e-003, 5.87513810e-003, 7.46875256e-003,
                7.65526993e-003, 6.69508381e-003, 5.00905607e-003,
                3.33323213e-003, 2.93061137e-003, -1.73084382e-002,
                -1.26896435e-002, -8.38313997e-003, -4.42711078e-003,
                -8.57338950e-004, 1.69230718e-003, 3.24825966e-003,
                3.77337565e-003, 3.46696074e-003, 3.02293291e-003,
                3.35385860e-003, -2.84333490e-002, -2.18271520e-002,
                -1.60235334e-002, -1.11139622e-002, -6.69225072e-003,
                -3.14144907e-003, -3.33232398e-004, 1.52597239e-003,
                2.49834871e-003, 3.17524560e-003, 4.02085995e-003,
                -3.62553447e-002, -2.71532536e-002, -1.95470694e-002,
                -1.37264729e-002, -8.92630965e-003, -5.07555623e-003,
                -1.76186289e-003, 7.80680450e-004, 2.56577344e-003,
                3.94401280e-003, 4.83677071e-003, -3.58050764e-002,
                -2.44954508e-002, -1.61550399e-002, -1.06879156e-002,
                -6.75804587e-003, -3.78674245e-003, -1.10170280e-003,
                1.18564384e-003, 3.16591165e-003, 4.76518041e-003,
                5.36998594e-003, -2.79946439e-002, -1.57848876e-002,
                -8.38947762e-003, -4.51658526e-003, -2.19096569e-003,
                -6.80981670e-004, 7.12203328e-004, 2.08024541e-003,
                3.67329619e-003, 5.12369815e-003, 5.41796209e-003,
                -1.68407876e-002, -5.77523280e-003, -5.08854282e-004,
                1.43572723e-003, 2.20964267e-003, 2.33849720e-003,
                2.52080313e-003, 2.92947120e-003, 3.81136569e-003,
                4.74256650e-003, 4.63788211e-003, -6.14161417e-003,
                2.31191120e-003, 5.32784406e-003, 5.64022129e-003,
                5.03415102e-003, 4.10635490e-003, 3.60185606e-003,
                3.50129954e-003, 3.66551685e-003, 3.81625211e-003,
                3.32728517e-003 ]
      patch 19:
         P: !!opencv-matrix
            rows: 11
            cols: 11
            dt: f
            data: [ 1.01913773e-002, 7.91563652e-003, 4.72796336e-003,
                2.23338092e-003, 7.00766221e-004, 6.64908384e-006,
                7.94346342e-005, 8.54984624e-004, 2.29418394e-003,
                3.93354613e-003, 5.30457543e-003, 1.51504157e-002,
                1.29940743e-002, 9.71480273e-003, 6.74158521e-003,
                4.53309016e-003, 3.18018650e-003, 2.75041955e-003,
                3.20199365e-003, 4.50334931e-003, 6.18324941e-003,
                7.61476764e-003, 1.79415047e-002, 1.59512237e-002,
                1.31531209e-002, 1.05253030e-002, 8.41584057e-003,
                6.81823632e-003, 5.89504000e-003, 5.88474562e-003,
                7.02414475e-003, 8.93160701e-003, 1.05840154e-002,
                1.70910768e-002, 1.47381602e-002, 1.25274360e-002,
                1.10203885e-002, 1.01736952e-002, 9.42651462e-003,
                8.72340053e-003, 8.52183439e-003, 9.47949104e-003,
                1.14545356e-002, 1.31595461e-002, 1.25943534e-002,
                9.23611596e-003, 7.18347542e-003, 6.70454046e-003,
                7.40099652e-003, 8.24315287e-003, 8.75016954e-003,
                9.33791604e-003, 1.07172281e-002, 1.27846161e-002,
                1.43216345e-002, 4.94711846e-003, 7.52772146e-004,
                -1.75367645e-003, -2.11934512e-003, -6.09578099e-004,
                1.59724709e-003, 3.70604615e-003, 5.88060729e-003,
                8.41847993e-003, 1.10463155e-002, 1.27793290e-002,
                -3.51408124e-003, -7.86166638e-003, -1.08166579e-002,
                -1.15723154e-002, -1.00544067e-002, -7.50559568e-003,
                -4.68928926e-003, -1.51867943e-003, 1.98338483e-003,
                5.26241120e-003, 7.38787651e-003, -1.05918497e-002,
                -1.38759371e-002, -1.62284598e-002, -1.69526022e-002,
                -1.57206934e-002, -1.35869905e-002, -1.10754920e-002,
                -8.10814835e-003, -4.90572816e-003, -2.03845371e-003,
                -2.30056437e-004, -1.44314300e-002, -1.59049723e-002,
                -1.67506896e-002, -1.67447682e-002, -1.54964030e-002,
                -1.37432218e-002, -1.17583312e-002, -9.73115582e-003,
                -8.11371859e-003, -7.14090886e-003, -6.93276431e-003,
                -1.29247252e-002, -1.33379139e-002, -1.28799668e-002,
                -1.19961826e-002, -1.07135065e-002, -9.35985614e-003,
                -8.02703295e-003, -7.44255632e-003, -8.44003353e-003,
                -1.07935537e-002, -1.34380385e-002, -5.36883390e-003,
                -5.89995366e-003, -5.24346717e-003, -4.30515967e-003,
                -3.60915298e-003, -3.21877399e-003, -3.33298370e-003,
                -5.45258913e-003, -1.11572053e-002, -1.89967826e-002,
                -2.52688602e-002 ]
      patch 20:
         P: !!opencv-matrix
            rows: 11
            cols: 11
            dt: f
            data: [ 1.25072161e-002, 3.02716857e-003, -5.38555346e-003,
                -1.07750678e-002, -1.26630506e-002, -1.14429519e-002,
                -7.33093498e-003, -1.49873283e-003, 3.93631682e-003,
                7.42642302e-003, 8.07953533e-003, 1.79937165e-002,
                8.69067945e-003, 6.20613049e-004, -4.66218637e-003,
                -6.80978643e-003, -5.92499506e-003, -2.23825034e-003,
                3.13482666e-003, 8.28199834e-003, 1.14777377e-002,
                1.16823008e-002, 2.26619821e-002, 1.42559875e-002,
                7.20251910e-003, 2.64277449e-003, 6.90511544e-004,
                1.21046160e-003, 4.03316179e-003, 8.35880078e-003,
                1.26028983e-002, 1.49277607e-002, 1.40990410e-002,
                2.36918628e-002, 1.74116585e-002, 1.22951875e-002,
                8.98497365e-003, 7.51780486e-003, 7.73762632e-003,
                9.32360534e-003, 1.18086450e-002, 1.42417876e-002,
                1.51414759e-002, 1.30442996e-002, 1.91655196e-002,
                1.58843976e-002, 1.32631250e-002, 1.14603611e-002,
                1.06988186e-002, 1.08731287e-002, 1.11259921e-002,
                1.11138169e-002, 1.10197524e-002, 1.02321757e-002,
                6.98268553e-003, 9.35625378e-003, 8.82708468e-003,
                8.58304743e-003, 8.62700865e-003, 9.20308754e-003,
                9.80686117e-003, 8.83063767e-003, 6.12747110e-003,
                3.25760152e-003, 6.39908307e-004, -3.52639356e-003,
                -2.87561957e-003, -1.85676850e-003, -2.60079367e-004,
                2.04987056e-003, 4.76291589e-003, 6.33086963e-003,
                4.40699654e-003, -8.54178390e-004, -6.62160804e-003,
                -1.12907514e-002, -1.60445310e-002, -1.35810003e-002,
                -1.22199254e-002, -9.32556018e-003, -4.69644321e-003,
                4.41096374e-004, 3.24958889e-003, 7.72166997e-004,
                -6.60701608e-003, -1.51212141e-002, -2.17505787e-002,
                -2.65129749e-002, -1.87854692e-002, -1.76704563e-002,
                -1.41314268e-002, -8.02628323e-003, -1.23627647e-003,
                2.30894191e-003, -7.75585882e-004, -9.73565225e-003,
                -1.99654046e-002, -2.73789745e-002, -3.13293710e-002,
                -1.64851584e-002, -1.59838125e-002, -1.27473259e-002,
                -6.52327389e-003, 4.89938713e-004, 3.61407385e-003,
                -5.10773971e-004, -1.00891069e-002, -1.98594313e-002,
                -2.60644797e-002, -2.86888536e-002, -8.79233982e-003,
                -8.80006608e-003, -6.35746913e-003, -9.03449371e-004,
                5.17504010e-003, 7.14624021e-003, 2.45991023e-003,
                -6.08659210e-003, -1.35198403e-002, -1.75377410e-002,
                -1.91668645e-002 ]
      patch 21:
         P: !!opencv-matrix
            rows: 11
            cols: 11
            dt: f
            data: [ 5.82857814e-004, 4.67290607e-004, 1.03752442e-004,
                -1.77415583e-004, -2.11537263e-004, 1.72267377e-004,
                7.49034807e-004, 1.02835696e-003, 4.79306502e-004,
                -1.23003195e-003, -3.69672035e-003, 2.59422534e-003,
                3.19392746e-003, 3.46989348e-003, 3.64763383e-003,
                3.84494150e-003, 4.29364247e-003, 4.81230486e-003,
                4.93656099e-003, 4.15178761e-003, 2.18156190e-003,
                -4.88675025e-004, 5.36392210e-003, 6.65443111e-003,
                7.58482236e-003, 8.32998473e-003, 8.89864005e-003,
                9.48814116e-003, 9.88787226e-003, 9.61107947e-003,
                8.29256140e-003, 5.87233622e-003, 2.94865365e-003,
                8.80274456e-003, 1.05096539e-002, 1.18163517e-002,
                1.29063064e-002, 1.36942975e-002, 1.42105138e-002,
                1.41139170e-002, 1.29213352e-002, 1.05713746e-002,
                7.52456952e-003, 4.54380130e-003, 1.17785847e-002,
                1.32739805e-002, 1.42921992e-002, 1.50861135e-002,
                1.55303255e-002, 1.53543986e-002, 1.41658671e-002,
                1.17080333e-002, 8.27620644e-003, 4.90081590e-003,
                2.42495816e-003, 1.28260190e-002, 1.32932980e-002,
                1.30934156e-002, 1.27174193e-002, 1.21063422e-002,
                1.07592950e-002, 8.33412539e-003, 4.97248024e-003,
                1.19591900e-003, -1.79892569e-003, -3.27368896e-003,
                1.05598113e-002, 9.41371359e-003, 7.42121413e-003,
                5.39132906e-003, 3.46481916e-003, 1.14411267e-003,
                -1.77103106e-003, -4.94141085e-003, -7.91397784e-003,
                -9.84113198e-003, -1.02690458e-002, 4.96967742e-003,
                2.34201853e-003, -9.22420819e-004, -3.84461507e-003,
                -6.27512392e-003, -8.61135963e-003, -1.08271725e-002,
                -1.27234301e-002, -1.42622422e-002, -1.50880218e-002,
                -1.48649048e-002, -2.71893083e-003, -5.91205060e-003,
                -8.95652547e-003, -1.10492967e-002, -1.24251517e-002,
                -1.36198774e-002, -1.44518120e-002, -1.48666641e-002,
                -1.51517596e-002, -1.52927926e-002, -1.48976743e-002,
                -9.51736141e-003, -1.20879272e-002, -1.35992765e-002,
                -1.35514764e-002, -1.28801260e-002, -1.25472862e-002,
                -1.22694457e-002, -1.18450355e-002, -1.15949912e-002,
                -1.16376439e-002, -1.14762364e-002, -1.31058535e-002,
                -1.44649316e-002, -1.43052693e-002, -1.22723803e-002,
                -9.79278423e-003, -8.30925722e-003, -7.59301800e-003,
                -7.21559348e-003, -7.36301020e-003, -7.97360390e-003,
                -8.27457290e-003 ]
